0 0 960 333 301 384
1 0 962 333 296 384
2 0 964 335 292 380
3 0 957 337 301 378
4 0 960 337 294 376
5 0 955 335 296 380
6 0 957 335 292 378
7 0 957 335 292 380
8 0 955 333 296 382
9 0 955 333 296 386
10 0 955 331 301 386
11 0 957 329 301 390
12 0 955 329 303 390
13 0 955 329 305 390
14 0 955 329 303 388
15 0 955 329 305 388
16 0 955 331 303 386
17 0 955 333 301 384
18 0 957 335 301 380
19 0 953 337 301 378
20 0 955 337 294 380
21 0 955 337 298 378
22 0 953 339 303 376
23 0 955 341 303 372
24 0 957 343 303 370
25 0 960 345 303 368
26 0 962 347 303 368
27 0 960 345 305 368
28 0 962 343 309 372
29 0 962 345 311 370
30 0 962 345 309 368
31 0 960 343 311 370
32 0 957 343 313 370
33 0 957 343 311 372
34 0 960 343 311 370
35 0 957 343 313 372
36 0 955 341 315 374
37 0 960 341 309 372
38 0 960 343 309 370
39 0 957 341 307 372
40 0 957 343 307 370
41 0 957 343 307 370
42 0 957 343 307 370
43 0 957 343 307 370
44 0 960 341 307 370
45 0 957 343 307 370
46 0 960 343 305 370
47 0 957 343 309 370
48 0 957 341 309 372
49 0 957 341 309 372
50 0 957 343 309 370
51 0 957 343 309 370
52 0 962 345 305 368
53 0 960 343 309 372
54 0 955 341 313 372
55 0 957 341 313 374
56 0 957 341 313 372
57 0 957 343 315 372
58 0 957 341 320 372
59 0 953 341 322 374
60 0 953 341 322 374
61 0 953 341 322 374
62 0 953 341 322 374
63 0 949 339 326 376
64 0 949 339 326 376
65 0 945 337 330 380
66 0 945 337 330 380
67 0 945 337 326 380
68 0 945 339 328 376
69 0 947 341 326 376
70 0 947 339 322 378
71 0 949 337 320 382
72 0 951 335 317 384
73 0 957 337 307 380
74 0 960 337 298 380
75 0 962 339 288 378
76 0 964 337 273 378
77 0 962 335 273 382
78 0 955 335 277 380
79 0 949 335 282 382
80 0 947 331 282 390
81 0 943 333 282 386
82 0 932 333 277 386
83 0 928 335 280 382
84 0 924 337 282 380
85 0 915 335 284 382
86 0 909 337 286 380
87 0 905 337 288 380
88 0 901 337 288 382
89 0 898 337 286 382
90 0 896 339 288 378
91 0 896 337 284 380
92 0 898 333 282 386
93 0 896 333 282 386
94 0 896 333 280 388
95 0 901 331 275 390
96 0 903 329 269 392
97 0 905 329 269 392
98 0 907 327 263 396
99 0 909 327 263 396
100 0 911 325 256 396
101 0 915 325 250 398
102 0 922 323 242 400
103 0 926 321 242 388
104 0 926 319 244 390
105 0 932 315 237 394
106 0 936 312 235 396
107 0 941 308 237 402
108 0 943 308 235 400
109 0 943 306 235 400
110 0 945 304 235 402
111 0 945 302 237 405
112 0 945 300 235 407
113 0 945 300 235 407
114 0 947 298 233 411
115 0 947 294 233 413
116 0 947 292 235 413
117 0 947 288 235 417
118 0 947 288 233 415
119 0 945 286 233 419
120 0 936 288 235 415
121 0 926 290 246 413
122 0 917 290 250 415
123 0 909 290 256 415
124 0 907 286 250 421
125 0 905 284 248 425
126 0 903 282 248 427
127 0 901 284 248 425
128 0 903 282 240 427
129 0 901 282 237 427
130 0 901 284 235 425
131 0 890 282 223 429
132 0 894 280 212 433
133 0 896 284 206 429
134 0 892 288 210 427
135 0 886 290 214 427
136 0 877 294 218 423
137 0 871 292 221 421
138 0 865 294 225 419
139 0 856 296 229 415
140 0 850 296 235 415
141 0 844 296 240 415
142 0 840 298 235 415
143 0 835 294 235 415
144 0 837 294 233 417
145 0 833 290 235 419
146 0 831 286 237 425
147 0 818 284 233 427
148 0 818 284 231 425
149 0 818 282 229 429
150 0 816 284 229 425
151 0 816 286 231 425
152 0 812 284 231 427
153 0 812 284 233 427
154 0 810 284 235 425
155 0 810 278 229 429
156 0 812 274 223 435
157 0 812 270 221 439
158 0 812 265 218 443
159 0 812 261 214 447
160 0 810 255 210 454
161 0 810 249 206 460
162 0 808 247 206 462
163 0 808 245 204 464
164 0 806 243 200 466
165 0 804 241 197 466
166 0 804 241 195 466
167 0 797 239 195 468
168 0 795 235 191 472
169 0 791 233 195 476
170 0 789 229 191 480
171 0 787 229 195 478
172 0 785 229 195 476
173 0 783 227 193 474
174 0 766 231 202 462
175 0 757 229 210 468
176 0 751 227 214 468
177 0 745 222 216 476
178 0 734 222 221 458
179 0 730 225 227 452
180 0 728 225 227 452
181 0 726 225 229 452
182 0 720 227 233 450
183 0 717 229 227 445
184 0 711 229 231 445
185 0 705 229 235 445
186 0 692 227 248 445
187 0 684 235 240 431
188 0 682 233 240 433
189 0 680 233 237 431
190 0 677 233 235 431
191 0 677 231 235 429
192 0 673 233 235 427
193 0 669 235 235 425
194 0 667 237 231 421
195 0 665 237 225 421
196 0 661 237 227 421
197 0 658 237 227 425
198 0 658 235 223 429
199 0 656 233 221 433
200 0 656 235 214 429
201 0 656 233 210 433
202 0 654 231 210 435
203 0 652 231 210 433
204 0 652 231 208 437
205 0 652 229 210 437
206 0 652 229 206 439
207 0 650 229 208 439
208 0 650 229 204 437
209 0 650 227 202 437
210 0 652 227 195 435
211 0 652 222 195 437
212 0 650 220 195 435
213 0 648 216 197 431
214 0 650 218 195 427
215 0 637 212 195 435
216 0 637 212 193 435
217 0 637 212 193 435
218 0 635 214 193 431
219 0 635 214 191 431
220 0 631 214 195 429
221 0 627 212 197 427
222 0 621 210 197 429
223 0 614 206 202 425
224 0 610 204 206 425
225 0 606 200 206 433
226 0 602 204 208 427
227 0 595 198 208 431
228 0 593 196 206 435
229 0 585 192 208 441
230 0 574 204 212 429
231 0 560 206 212 433
232 0 557 208 210 431
233 0 553 218 210 417
234 0 549 218 210 413
235 0 545 212 208 417
236 0 541 210 208 415
237 0 538 214 210 409
238 0 534 216 214 402
239 0 530 220 216 390
240 0 524 218 218 390
241 0 517 216 223 390
242 0 509 214 227 396
243 0 505 218 227 390
244 0 496 218 233 394
245 0 490 216 240 396
246 0 490 216 242 398
247 0 486 216 246 396
248 0 486 218 246 394
249 0 473 218 250 392
250 0 471 220 252 390
251 0 471 220 252 390
252 0 467 220 258 390
253 0 469 218 256 394
254 0 469 218 254 394
255 0 471 216 248 396
256 0 473 214 244 398
257 0 469 212 246 398
258 0 469 210 248 400
259 0 469 210 248 400
260 0 467 212 248 398
261 0 471 214 246 398
262 0 471 214 246 394
263 0 471 214 246 396
264 0 473 218 246 394
265 0 473 218 244 396
266 0 477 220 242 396
267 0 473 218 246 396
268 0 475 220 248 394
269 0 475 222 248 392
270 0 488 220 246 398
271 0 492 222 242 396
272 0 490 220 244 394
273 0 486 222 246 392
274 0 490 229 246 390
275 0 492 231 244 390
276 0 492 239 250 384
277 0 486 251 265 370
278 0 488 249 263 366
279 0 486 255 254 357
280 0 484 249 233 357
281 0 488 282 216 317
282 0 494 294 208 306
283 0 492 294 208 308
284 0 494 310 206 284
285 1 503 337 183 265
286 1 490 343 191 235
287 1 477 339 212 241
288 1 465 339 212 200
289 0 456 302 263 231
290 0 454 298 269 231
291 0 452 292 273 231
292 0 450 286 282 241
293 0 450 286 282 241
294 0 452 288 269 239
295 0 458 308 240 227
296 0 448 319 229 222
297 0 444 329 225 208
298 0 444 329 225 208
299 0 444 330 200 184
300 0 450 396 200 184
301 0 446 394 208 198
302 0 448 384 208 214
303 0 448 380 204 220
304 0 446 386 206 218
305 1 448 386 202 216
306 1 450 384 202 216
307 1 450 382 200 216
308 1 463 368 181 227
309 1 463 366 181 229
310 1 463 368 178 222
311 1 450 384 200 210
312 1 452 382 200 212
313 1 454 380 197 212
314 1 452 378 197 214
315 1 465 364 181 227
316 1 456 366 197 225
317 1 452 372 200 218
318 1 454 374 197 220
319 1 452 370 197 222
320 1 454 368 197 225
321 1 452 372 202 222
322 1 450 372 204 220
323 1 448 376 202 218
324 1 450 378 202 216
325 1 450 378 202 214
326 1 452 376 200 220
327 1 450 376 200 218
328 1 450 374 202 220
329 1 452 376 200 218
330 1 452 374 202 220
331 1 452 372 202 225
332 1 452 372 202 222
333 1 452 374 202 222
334 1 452 374 202 220
335 1 450 374 202 222
336 1 450 376 204 220
337 1 452 376 202 218
338 1 452 376 200 218
339 1 452 376 202 220
340 1 452 376 202 220
341 1 452 376 202 220
342 1 452 376 202 218
343 1 450 376 202 218
344 1 450 376 204 218
345 1 450 376 202 218
346 1 450 376 204 216
347 1 450 376 202 216
348 1 450 376 202 216
349 1 450 376 202 216
350 1 454 376 200 216
351 1 450 376 202 216
352 1 452 376 200 216
353 1 452 376 200 216
354 1 452 376 200 216
355 1 454 376 200 216
356 1 452 376 200 214
357 1 452 376 202 214
358 1 452 376 200 214
359 1 452 376 200 214
360 1 450 376 204 216
361 1 450 376 204 216
362 1 450 376 204 216
363 1 450 376 202 216
364 1 450 376 204 218
365 1 450 376 204 216
366 1 450 376 204 216
367 1 452 376 204 218
368 1 448 378 204 216
369 1 450 378 202 216
370 1 452 376 202 218
371 1 454 378 202 216
372 1 452 378 204 216
373 1 450 378 204 216
374 1 450 378 204 216
375 1 450 376 204 218
376 1 452 376 204 218
377 1 450 378 204 216
378 1 452 378 202 216
379 1 450 376 204 216
380 1 452 376 204 216
381 1 452 378 204 216
382 1 452 376 202 216
383 1 450 376 204 216
384 1 452 376 204 216
385 1 452 376 202 216
386 1 450 376 204 216
387 1 452 376 202 216
388 1 450 376 204 216
389 1 452 378 202 216
390 1 454 376 202 216
391 1 454 376 202 216
392 1 454 376 202 218
393 1 452 378 202 216
394 1 452 378 202 216
395 1 452 376 202 216
396 1 454 376 200 216
397 1 452 376 202 216
398 1 454 376 202 218
399 1 452 376 202 218
400 1 452 378 202 214
401 1 454 376 200 216
402 1 454 374 200 218
403 1 454 376 200 218
404 1 454 376 200 220
405 1 456 376 197 218
406 1 456 376 197 216
407 1 454 376 200 218
408 1 454 376 200 220
409 1 454 376 200 218
410 1 454 376 200 218
411 1 454 376 200 218
412 1 454 376 197 218
413 1 454 376 200 218
414 1 456 376 197 218
415 1 456 376 197 218
416 1 456 376 197 218
417 1 454 376 200 218
418 1 454 376 197 216
419 1 454 376 200 218
420 1 454 374 200 218
421 1 454 376 200 218
422 1 454 376 200 218
423 1 456 376 200 218
424 1 456 376 200 218
425 1 454 376 200 218
426 1 454 376 200 218
427 1 454 374 200 218
428 1 454 376 200 218
429 1 454 376 200 218
430 1 452 374 202 220
431 1 454 374 200 220
432 1 454 374 200 218
433 1 454 376 200 220
434 1 454 376 200 218
435 1 454 376 200 218
436 1 452 376 202 218
437 1 454 376 197 218
438 1 454 376 200 218
439 1 456 376 197 218
440 1 454 374 200 220
441 1 456 376 197 218
442 1 454 374 200 220
443 1 456 374 197 222
444 1 454 374 200 222
445 1 454 374 200 220
446 1 454 374 200 220
447 1 454 376 200 220
448 1 454 374 200 220
449 1 454 376 202 218
450 1 452 376 202 218
451 1 452 376 202 216
452 1 452 376 202 218
453 1 452 376 202 218
454 1 452 376 202 218
455 1 452 376 204 218
456 1 452 376 202 218
457 1 454 376 200 220
458 1 454 376 200 218
459 1 452 376 202 218
460 1 454 376 200 220
461 1 454 376 200 220
462 1 454 376 197 218
463 1 454 376 197 218
464 1 452 376 202 218
465 1 454 378 200 218
466 1 454 376 197 218
467 1 454 376 197 218
468 1 454 376 200 216
469 1 454 376 200 218
470 1 454 374 200 220
471 1 452 376 200 220
472 1 454 376 200 220
473 1 456 376 197 220
474 1 452 376 200 218
475 1 452 378 200 216
476 1 454 378 200 216
477 1 454 376 200 218
478 1 454 376 200 218
479 1 452 376 202 218
480 1 452 376 200 218
481 1 454 376 200 218
482 1 452 378 200 216
483 1 454 376 200 218
484 1 452 376 200 218
485 1 454 376 200 218
486 1 454 376 197 218
487 1 454 376 197 218
488 1 454 376 197 218
489 1 454 378 200 218
490 1 452 376 200 220
491 1 452 378 202 218
492 1 452 378 202 218
493 1 452 376 202 218
494 1 452 376 202 220
495 1 452 378 200 218
496 1 452 376 200 216
497 1 454 376 200 218
498 1 452 376 202 220
499 1 454 376 197 218
500 1 454 376 200 218
501 1 454 376 200 218
502 1 454 376 200 216
503 1 452 376 200 216
504 1 452 376 200 218
505 1 454 376 200 218
506 1 454 376 197 218
507 1 454 374 200 218
508 1 454 376 200 216
509 1 454 376 200 218
510 1 454 378 202 216
511 1 454 378 202 216
512 1 452 378 202 216
513 1 452 378 202 216
514 1 454 378 200 216
515 1 454 376 200 218
516 1 454 376 200 218
517 1 454 376 202 218
518 1 454 376 200 218
519 1 452 376 202 218
520 1 452 374 202 220
521 1 454 376 200 220
522 1 452 376 202 218
523 1 452 376 202 218
524 1 454 376 200 218
525 1 454 376 200 218
526 1 454 374 200 218
527 1 454 376 202 216
528 1 454 376 200 216
529 1 452 378 202 214
530 1 454 378 197 214
531 1 452 376 202 216
532 1 452 376 200 216
533 1 454 376 200 216
534 1 454 376 200 214
535 1 454 376 202 214
536 1 454 376 200 216
537 1 454 376 200 216
538 1 452 376 202 216
539 1 454 376 200 218
540 1 454 376 200 220
541 1 456 374 200 222
542 1 456 374 200 222
543 1 469 357 178 243
544 1 469 357 178 243
545 1 469 357 178 241
546 1 471 357 178 237
547 1 471 357 176 239
548 1 471 357 176 239
549 1 471 355 176 237
550 1 471 355 176 231
551 1 471 355 176 229
552 1 473 353 176 231
553 1 473 355 174 229
554 1 473 355 174 227
555 1 475 357 174 227
556 1 473 357 176 227
557 1 473 357 176 227
558 1 473 357 176 227
559 1 473 357 176 229
560 1 473 357 176 229
561 1 473 357 176 227
562 1 475 357 176 229
563 1 475 357 176 229
564 1 475 357 174 229
565 1 475 357 174 229
566 1 475 357 174 229
567 1 475 357 174 229
568 1 475 357 174 229
569 1 475 357 174 227
570 1 475 360 174 227
571 1 475 360 174 227
572 1 475 357 174 227
573 1 475 357 174 227
574 1 475 357 174 229
575 1 475 357 174 227
576 1 475 357 174 227
577 1 475 357 174 227
578 1 475 357 174 227
579 1 475 357 174 229
580 1 475 357 174 229
581 1 475 357 174 229
582 1 475 357 174 229
583 1 475 357 174 229
584 1 475 357 176 229
585 1 475 357 174 227
586 1 475 357 176 227
587 1 475 357 174 227
588 1 475 357 174 227
589 1 475 357 174 229
590 1 475 357 174 229
591 1 475 357 174 229
592 1 475 357 174 229
593 1 475 357 172 229
594 1 475 357 174 227
595 1 475 357 174 227
596 1 475 360 174 227
597 1 475 360 172 227
598 1 475 360 174 227
599 1 473 360 174 227
